36,36,36,36,0,0,0,0,0,0,0,0,0,0,0,0,0,0,0,0,232,3,10,0,0,0,0,0,0,0,0,0,0,0,0,0,68,45
36,36,36,36,0,0,0,0,0,0,0,0,0,0,0,0,0,0,0,0,232,3,10,0,0,0,0,0,0,0,0,0,0,0,0,0,68,45
36,36,36,36,0,0,0,0,0,0,0,0,0,0,0,0,0,0,0,0,232,3,10,0,0,0,0,0,0,0,0,0,0,0,0,0,68,45
36,36,36,36,0,0,0,0,0,0,0,0,0,0,0,0,0,0,0,0,232,3,10,0,0,0,0,0,0,0,0,0,0,0,0,0,68,45
36,36,36,36,0,0,0,0,0,0,0,0,0,0,0,0,0,0,0,0,232,3,10,0,0,0,0,0,0,0,0,0,0,0,0,0,68,45
36,36,36,36,0,0,0,0,0,0,0,0,0,0,0,0,0,0,0,0,232,3,10,0,0,0,0,0,0,0,0,0,0,0,0,0,68,45
36,36,36,36,0,0,0,0,0,0,0,0,0,0,0,0,0,0,0,0,232,3,10,0,0,0,0,0,0,0,0,0,0,0,0,0,68,45
36,36,36,36,0,0,0,0,0,0,0,0,0,0,0,0,0,0,0,0,232,3,10,0,0,0,0,0,0,0,0,0,0,0,0,0,68,45
36,36,36,36,0,0,0,0,0,0,0,0,0,0,0,0,0,0,0,0,232,3,10,0,0,0,0,0,0,0,0,0,0,0,0,0,68,45
36,36,36,36,0,0,0,0,0,0,0,0,0,0,0,0,0,0,0,0,232,3,10,0,0,0,0,0,0,0,0,0,0,0,0,0,68,45
36,36,36,36,0,0,0,0,0,0,0,0,0,0,0,0,0,0,0,0,232,3,10,0,0,0,0,0,0,0,0,0,0,0,0,0,68,45
36,36,36,36,0,0,0,0,0,0,0,0,0,0,0,0,0,0,0,0,232,3,10,0,0,0,0,0,0,0,0,0,0,0,0,0,68,45
36,36,36,36,0,0,0,0,0,0,0,0,0,0,0,0,0,0,0,0,232,3,10,0,0,0,0,0,0,0,0,0,0,0,0,0,68,45
36,36,36,36,0,0,0,0,0,0,0,0,0,0,0,0,0,0,0,0,232,3,10,0,0,0,0,0,0,0,0,0,0,0,0,0,68,45
36,36,36,36,0,0,0,0,0,0,0,0,0,0,0,0,0,0,0,0,232,3,10,0,0,0,0,0,0,0,0,0,0,0,0,0,68,45
36,36,36,36,0,0,0,0,0,0,0,0,0,0,0,0,0,0,0,0,232,3,10,0,0,0,0,0,0,0,0,0,0,0,0,0,68,45
36,36,36,36,0,0,0,0,0,0,0,0,0,0,0,0,0,0,0,0,232,3,10,0,0,0,0,0,0,0,0,0,0,0,0,0,68,45
36,36,36,36,0,0,0,0,0,0,0,0,0,0,0,0,0,0,0,0,232,3,10,0,0,0,0,0,0,0,0,0,0,0,0,0,68,45
36,36,36,36,0,0,0,0,0,0,0,0,0,0,0,0,0,0,0,0,232,3,10,0,0,0,0,0,0,0,0,0,0,0,0,0,68,45
36,36,36,36,0,0,0,0,0,0,0,0,0,0,0,0,0,0,0,0,232,3,10,0,0,0,0,0,0,0,0,0,0,0,0,0,68,45
36,36,36,36,0,0,0,0,0,0,0,0,0,0,0,0,0,0,0,0,232,3,10,0,0,0,0,0,0,0,0,0,0,0,0,0,68,45
36,36,36,36,0,0,0,0,0,0,0,0,0,0,0,0,0,0,0,0,232,3,10,0,0,0,0,0,0,0,0,0,0,0,0,0,68,45
36,36,36,36,0,0,0,0,0,0,0,0,0,0,0,0,0,0,0,0,232,3,10,0,0,0,0,0,0,0,0,0,0,0,0,0,68,45
36,36,36,36,0,0,0,0,0,0,0,0,0,0,0,0,0,0,0,0,232,3,10,0,0,0,0,0,0,0,0,0,0,0,0,0,68,45
36,36,36,36,0,0,0,0,0,0,0,0,0,0,0,0,0,0,0,0,232,3,10,0,0,0,0,0,0,0,0,0,0,0,0,0,68,45
36,36,36,36,0,0,0,0,0,0,0,0,0,0,0,0,0,0,0,0,232,3,10,0,0,0,0,0,0,0,0,0,0,0,0,0,68,45
36,36,36,36,0,0,0,0,0,0,0,0,0,0,0,0,0,0,0,0,232,3,10,0,0,0,0,0,0,0,0,0,0,0,0,0,68,45
36,36,36,36,0,0,0,0,0,0,0,0,0,0,0,0,0,0,0,0,232,3,10,0,0,0,0,0,0,0,0,0,0,0,0,0,68,45
36,36,36,36,0,0,0,0,0,0,0,0,0,0,0,0,0,0,0,0,232,3,10,0,0,0,0,0,0,0,0,0,0,0,0,0,68,45
36,36,36,36,0,0,0,0,0,0,0,0,0,0,0,0,0,0,0,0,232,3,10,0,0,0,0,0,0,0,0,0,0,0,0,0,68,45
36,36,36,36,0,0,0,0,0,0,0,0,0,0,0,0,0,0,0,0,232,3,10,0,0,0,0,0,0,0,0,0,0,0,0,0,68,45
36,36,36,36,0,0,0,0,0,0,0,0,0,0,0,0,0,0,0,0,232,3,10,0,0,0,0,0,0,0,0,0,0,0,0,0,68,45
36,36,36,36,0,0,0,0,0,0,0,0,0,0,0,0,0,0,0,0,232,3,10,0,0,0,0,0,0,0,0,0,0,0,0,0,68,45
36,36,36,36,0,0,0,0,0,0,0,0,0,0,0,0,0,0,0,0,232,3,10,0,0,0,0,0,0,0,0,0,0,0,0,0,68,45
36,36,36,36,0,0,0,0,0,0,0,0,0,0,0,0,0,0,0,0,232,3,10,0,0,0,0,0,0,0,0,0,0,0,0,0,68,45
36,36,36,36,0,0,0,0,0,0,0,0,0,0,0,0,0,0,0,0,232,3,10,0,0,0,0,0,0,0,0,0,0,0,0,0,68,45
36,36,36,36,0,0,0,0,0,0,0,0,0,0,0,0,0,0,0,0,232,3,10,0,0,0,0,0,0,0,0,0,0,0,0,0,68,45
36,36,36,36,0,0,0,0,0,0,0,0,0,0,0,0,0,0,0,0,232,3,10,0,0,0,0,0,0,0,0,0,0,0,0,0,68,45
36,36,36,36,0,0,0,0,0,0,0,0,0,0,0,0,0,0,0,0,232,3,10,0,0,0,0,0,0,0,0,0,0,0,0,0,68,45
36,36,36,36,0,0,0,0,0,0,0,0,0,0,0,0,0,0,0,0,232,3,10,0,0,0,0,0,0,0,0,0,0,0,0,0,68,45
36,36,36,36,0,0,0,0,0,0,0,0,0,0,0,0,0,0,0,0,232,3,10,0,0,0,0,0,0,0,0,0,0,0,0,0,68,45
36,36,36,36,0,0,0,0,0,0,0,0,0,0,0,0,154,153,153,62,232,3,10,0,0,0,0,0,0,0,0,0,0,0,0,0,103,197
36,36,36,36,0,0,0,0,0,0,0,0,0,0,0,0,154,153,153,62,232,3,10,0,0,0,0,0,0,0,0,0,0,0,0,0,103,197
36,36,36,36,0,0,0,0,0,0,0,0,0,0,0,0,154,153,153,62,232,3,10,0,0,0,0,0,0,0,0,0,0,0,0,0,103,197
36,36,36,36,0,0,0,0,0,0,0,0,0,0,0,0,154,153,153,62,232,3,10,0,0,0,0,0,0,0,0,0,0,0,0,0,103,197
36,36,36,36,0,0,0,0,0,0,0,0,0,0,0,0,154,153,153,62,232,3,10,0,0,0,0,0,0,0,0,0,0,0,0,0,103,197
36,36,36,36,0,0,0,0,0,0,0,0,0,0,0,0,154,153,153,62,232,3,10,0,0,0,0,0,0,0,0,0,0,0,0,0,103,197
36,36,36,36,0,0,0,0,0,0,0,0,0,0,0,0,154,153,153,62,232,3,10,0,0,0,0,0,0,0,0,0,0,0,0,0,103,197
36,36,36,36,0,0,0,0,0,0,0,0,0,0,0,0,154,153,153,62,232,3,10,0,0,0,0,0,0,0,0,0,0,0,0,0,103,197
36,36,36,36,0,0,0,0,0,0,0,0,0,0,0,0,154,153,153,62,232,3,10,0,0,0,0,0,0,0,0,0,0,0,0,0,103,197
36,36,36,36,0,0,0,0,0,0,0,0,0,0,0,0,154,153,153,62,232,3,10,0,0,0,0,0,0,0,0,0,0,0,0,0,103,197
36,36,36,36,0,0,0,0,0,0,0,0,0,0,0,0,154,153,153,62,232,3,10,0,0,0,0,0,0,0,0,0,0,0,0,0,103,197
36,36,36,36,0,0,0,0,0,0,0,0,0,0,0,0,154,153,153,62,232,3,10,0,0,0,0,0,0,0,0,0,0,0,0,0,103,197
36,36,36,36,0,0,0,0,0,0,0,0,0,0,0,0,154,153,153,62,232,3,10,0,0,0,0,0,0,0,0,0,0,0,0,0,103,197
36,36,36,36,0,0,0,0,0,0,0,0,0,0,0,0,154,153,153,62,232,3,10,0,0,0,0,0,0,0,0,0,0,0,0,0,103,197
36,36,36,36,0,0,0,0,0,0,0,0,0,0,0,0,154,153,153,62,232,3,10,0,0,0,0,0,0,0,0,0,0,0,0,0,103,197
36,36,36,36,0,0,0,0,0,0,0,0,0,0,0,0,154,153,153,62,232,3,10,0,0,0,0,0,0,0,0,0,0,0,0,0,103,197
36,36,36,36,0,0,0,0,0,0,0,0,0,0,0,0,154,153,153,62,232,3,10,0,0,0,0,0,0,0,0,0,0,0,0,0,103,197
36,36,36,36,0,0,0,0,0,0,0,0,0,0,0,0,154,153,153,62,232,3,10,0,0,0,0,0,0,0,0,0,0,0,0,0,103,197
36,36,36,36,0,0,0,0,0,0,0,0,0,0,0,0,154,153,153,62,232,3,10,0,0,0,0,0,0,0,0,0,0,0,0,0,103,197
36,36,36,36,0,0,0,0,0,0,0,0,0,0,0,0,154,153,153,62,232,3,10,0,0,0,0,0,0,0,0,0,0,0,0,0,103,197
36,36,36,36,0,0,0,0,0,0,0,0,0,0,0,0,154,153,153,62,232,3,10,0,0,0,0,0,0,0,0,0,0,0,0,0,103,197
36,36,36,36,0,0,0,0,0,0,0,0,0,0,0,0,154,153,153,62,232,3,10,0,0,0,0,0,0,0,0,0,0,0,0,0,103,197
36,36,36,36,0,0,0,0,0,0,0,0,0,0,0,0,154,153,153,62,232,3,10,0,0,0,0,0,0,0,0,0,0,0,0,0,103,197
36,36,36,36,0,0,0,0,0,0,0,0,0,0,0,0,154,153,153,62,232,3,10,0,0,0,0,0,0,0,0,0,0,0,0,0,103,197
36,36,36,36,0,0,0,0,0,0,0,0,0,0,0,0,154,153,153,62,232,3,10,0,0,0,0,0,0,0,0,0,0,0,0,0,103,197
36,36,36,36,0,0,0,0,0,0,0,0,0,0,0,0,154,153,153,62,232,3,10,0,0,0,0,0,0,0,0,0,0,0,0,0,103,197
36,36,36,36,0,0,0,0,0,0,0,0,0,0,0,0,154,153,153,62,232,3,10,0,0,0,0,0,0,0,0,0,0,0,0,0,103,197
36,36,36,36,0,0,0,0,0,0,0,0,0,0,0,0,154,153,153,62,232,3,10,0,0,0,0,0,0,0,0,0,0,0,0,0,103,197
36,36,36,36,0,0,0,0,0,0,0,0,0,0,0,0,154,153,153,62,232,3,10,0,0,0,0,0,0,0,0,0,0,0,0,0,103,197
36,36,36,36,0,0,0,0,0,0,0,0,0,0,0,0,154,153,153,62,232,3,10,0,0,0,0,0,0,0,0,0,0,0,0,0,103,197
36,36,36,36,0,0,0,0,0,0,0,0,0,0,0,0,154,153,153,62,232,3,10,0,0,0,0,0,0,0,0,0,0,0,0,0,103,197
36,36,36,36,0,0,0,0,0,0,0,0,0,0,0,0,154,153,153,62,232,3,10,0,0,0,0,0,0,0,0,0,0,0,0,0,103,197
36,36,36,36,0,0,0,0,0,0,0,0,0,0,0,0,154,153,153,62,232,3,10,0,0,0,0,0,0,0,0,0,0,0,0,0,103,197
36,36,36,36,0,0,0,0,0,0,0,0,0,0,0,0,154,153,153,62,232,3,10,0,0,0,0,0,0,0,0,0,0,0,0,0,103,197
36,36,36,36,0,0,0,0,0,0,0,0,0,0,0,0,154,153,153,62,232,3,10,0,0,0,0,0,0,0,0,0,0,0,0,0,103,197
36,36,36,36,0,0,0,0,0,0,0,0,0,0,0,0,154,153,153,62,232,3,10,0,0,0,0,0,0,0,0,0,0,0,0,0,103,197
36,36,36,36,0,0,0,0,0,0,0,0,0,0,0,0,154,153,153,62,232,3,10,0,0,0,0,0,0,0,0,0,0,0,0,0,103,197
36,36,36,36,0,0,0,0,0,0,0,0,0,0,0,0,154,153,153,62,232,3,10,0,0,0,0,0,0,0,0,0,0,0,0,0,103,197
36,36,36,36,0,0,0,0,0,0,0,0,0,0,0,0,154,153,153,62,232,3,10,0,0,0,0,0,0,0,0,0,0,0,0,0,103,197
36,36,36,36,0,0,0,0,0,0,0,0,0,0,0,0,154,153,153,62,232,3,10,0,0,0,0,0,0,0,0,0,0,0,0,0,103,197
36,36,36,36,0,0,0,0,0,0,0,0,0,0,0,0,0,0,0,0,232,3,10,0,0,0,0,0,0,0,0,0,0,0,0,0,68,45
36,36,36,36,0,0,0,0,0,0,0,0,0,0,0,0,0,0,0,0,232,3,10,0,0,0,0,0,0,0,0,0,0,0,0,0,68,45
36,36,36,36,0,0,0,0,0,0,0,0,0,0,0,0,0,0,0,0,232,3,10,0,0,0,0,0,0,0,0,0,0,0,0,0,68,45
36,36,36,36,0,0,0,0,0,0,0,0,0,0,0,0,0,0,0,0,232,3,10,0,0,0,0,0,0,0,0,0,0,0,0,0,68,45
36,36,36,36,0,0,0,0,0,0,0,0,0,0,0,0,0,0,0,0,232,3,10,0,0,0,0,0,0,0,0,0,0,0,0,0,68,45
36,36,36,36,0,0,0,0,0,0,0,0,0,0,0,0,0,0,0,0,232,3,10,0,0,0,0,0,0,0,0,0,0,0,0,0,68,45
36,36,36,36,0,0,0,0,0,0,0,0,0,0,0,0,0,0,0,0,232,3,10,0,0,0,0,0,0,0,0,0,0,0,0,0,68,45
36,36,36,36,0,0,0,0,0,0,0,0,0,0,0,0,0,0,0,0,232,3,10,0,0,0,0,0,0,0,0,0,0,0,0,0,68,45
36,36,36,36,0,0,0,0,0,0,0,0,0,0,0,0,0,0,0,0,232,3,10,0,0,0,0,0,0,0,0,0,0,0,0,0,68,45
36,36,36,36,0,0,0,0,0,0,0,0,0,0,0,0,0,0,0,0,232,3,10,0,0,0,0,0,0,0,0,0,0,0,0,0,68,45
36,36,36,36,0,0,0,0,0,0,0,0,0,0,0,0,0,0,0,0,232,3,10,0,0,0,0,0,0,0,0,0,0,0,0,0,68,45
36,36,36,36,0,0,0,0,0,0,0,0,0,0,0,0,0,0,0,0,232,3,10,0,0,0,0,0,0,0,0,0,0,0,0,0,68,45
36,36,36,36,0,0,0,0,0,0,0,0,0,0,0,0,0,0,0,0,232,3,10,0,0,0,0,0,0,0,0,0,0,0,0,0,68,45
36,36,36,36,0,0,0,0,0,0,0,0,0,0,0,0,0,0,0,0,232,3,10,0,0,0,0,0,0,0,0,0,0,0,0,0,68,45
36,36,36,36,0,0,0,0,0,0,0,0,0,0,0,0,0,0,0,0,232,3,10,0,0,0,0,0,0,0,0,0,0,0,0,0,68,45
36,36,36,36,0,0,0,0,0,0,0,0,0,0,0,0,0,0,0,0,232,3,10,0,0,0,0,0,0,0,0,0,0,0,0,0,68,45
36,36,36,36,0,0,0,0,0,0,0,0,0,0,0,0,0,0,0,0,232,3,10,0,0,0,0,0,0,0,0,0,0,0,0,0,68,45
36,36,36,36,0,0,0,0,0,0,0,0,0,0,0,0,0,0,0,0,232,3,10,0,0,0,0,0,0,0,0,0,0,0,0,0,68,45
36,36,36,36,0,0,0,0,0,0,0,0,0,0,0,0,0,0,0,0,232,3,10,0,0,0,0,0,0,0,0,0,0,0,0,0,68,45
36,36,36,36,0,0,0,0,0,0,0,0,0,0,0,0,0,0,0,0,208,7,0,0,0,0,0,0,0,0,0,0,0,0,0,0,196,223
